Col	Row	Sps1	Sps2	C-scoreObs	C-scoreExp	p.less	p.greater	ses
1	3	S1	S3	0	0.988	0.012987012987013	1	-9.0692337052256
1	5	S1	S5	0	0.987	0.013986013986014	1	-8.70902714694092
1	8	S1	S8	0	0.993	0.00799200799200799	1	-11.9044229475555
1	9	S1	S9	0	0.993	0.00799200799200799	1	-11.9044229475555
1	10	S1	S10	0	0.989	0.011988011988012	1	-9.47729823410564
1	12	S1	S12	0	1.96	0.020979020979021	1	-6.99649912456223
1	14	S1	S14	0	0.988	0.012987012987013	1	-9.0692337052256
1	15	S1	S15	0	0.987	0.013986013986014	1	-8.70902714694092
1	17	S1	S17	0	0.993	0.00799200799200799	1	-11.9044229475555
1	18	S1	S18	0	0.988	0.012987012987013	1	-9.0692337052256
1	19	S1	S19	0	0.993	0.00799200799200799	1	-11.9044229475555
1	20	S1	S20	0	0.991	0.00999000999000999	1	-10.4881361547226
1	21	S1	S21	0	0.984	0.016983016983017	1	-7.83827149312908
1	22	S1	S22	0	0.989	0.011988011988012	1	-9.47729823410564
1	23	S1	S23	0	2.901	0.033966033966034	1	-5.4105200556626
2	4	S2	S4	988	455.134	1	0.000999000999000999	4.19191561632216
2	6	S2	S6	30	109.842	0.000999000999000999	1	-2.94137737080898
2	7	S2	S7	792	469.28	1	0.001998001998002	3.68411549569042
2	13	S2	S13	1088	590.238	1	0.000999000999000999	4.061164186426
2	16	S2	S16	1152	602.798	1	0.000999000999000999	4.53812202159687
2	24	S2	S24	12	89.24	0.000999000999000999	1	-3.34884675515283
2	25	S2	S25	0	62.768	0.000999000999000999	1	-3.30349112144876
3	5	S3	S5	0	0.996	0.004995004995005	1	-15.7718419976869
3	8	S3	S8	0	0.988	0.012987012987013	1	-9.0692337052256
3	9	S3	S9	0	0.988	0.012987012987013	1	-9.0692337052256
3	10	S3	S10	0	0.988	0.012987012987013	1	-9.0692337052256
3	12	S3	S12	0	1.964	0.018981018981019	1	-7.38247925835217
3	14	S3	S14	0	0.995	0.00599400599400599	1	-14.0996808474518
3	15	S3	S15	0	0.99	0.010989010989011	1	-9.94489818952411
3	17	S3	S17	0	0.991	0.00999000999000999	1	-10.4881361547226
3	18	S3	S18	0	0.989	0.011988011988012	1	-9.47729823410564
3	19	S3	S19	0	0.993	0.00799200799200799	1	-11.9044229475555
3	20	S3	S20	0	0.992	0.00899100899100899	1	-11.1299595686597
3	21	S3	S21	0	0.992	0.00899100899100899	1	-11.1299595686597
3	22	S3	S22	0	0.991	0.00999000999000999	1	-10.4881361547226
3	23	S3	S23	0	2.928	0.024975024975025	1	-6.37385283796229
4	6	S4	S6	740	410.384	0.998001998001998	0.017982017982018	2.65598809987398
4	11	S4	S11	256	167.239	0.987012987012987	0.042957042957043	2.11603662465713
4	23	S4	S23	36	56.433	0.027972027972028	1	-6.00008333275464
4	24	S4	S24	480	125.325	1	0.001998001998002	4.16513340206825
4	25	S4	S25	320	78.465	1	0.00699300699300699	3.51639503780544
5	8	S5	S8	0	0.987	0.013986013986014	1	-8.70902714694092
5	9	S5	S9	0	0.988	0.012987012987013	1	-9.0692337052256
5	10	S5	S10	0	0.985	0.015984015984016	1	-8.09944442539116
5	12	S5	S12	0	1.952	0.024975024975025	1	-6.3738528379623
5	14	S5	S14	0	0.988	0.012987012987013	1	-9.0692337052256
5	15	S5	S15	0	0.993	0.00799200799200799	1	-11.9044229475555
5	17	S5	S17	0	0.988	0.012987012987013	1	-9.0692337052256
5	18	S5	S18	0	0.993	0.00799200799200799	1	-11.9044229475555
5	19	S5	S19	0	0.994	0.00699300699300699	1	-12.8647191963136
5	20	S5	S20	0	0.993	0.00799200799200799	1	-11.9044229475555
5	21	S5	S21	0	0.995	0.00599400599400599	1	-14.0996808474518
5	22	S5	S22	0	0.988	0.012987012987013	1	-9.0692337052256
5	23	S5	S23	0	2.874	0.042957042957043	1	-4.77354315846356
6	7	S6	S7	748	444.86	1	0.003996003996004	3.35686635774534
6	13	S6	S13	868	544.233	0.998001998001998	0.00999000999000999	2.73048513820384
6	16	S6	S16	1008	557.464	1	0.001998001998002	3.85760348691319
6	24	S6	S24	0	87.124	0.000999000999000999	1	-4.084671458471
6	25	S6	S25	13	60.16	0.00999000999000999	1	-2.70319912139168
7	12	S7	S12	55	112	0.000999000999000999	1	-Inf
7	16	S7	S16	69	199.987	0.026973026973027	0.991008991008991	-1.90167420731167
7	24	S7	S24	308	172.376	1	0.01998001998002	2.40491411137148
8	9	S8	S9	0	0.991	0.00999000999000999	1	-10.4881361547226
8	10	S8	S10	0	0.988	0.012987012987013	1	-9.0692337052256
8	12	S8	S12	0	1.944	0.028971028971029	1	-5.88893635799976
8	14	S8	S14	0	0.992	0.00899100899100899	1	-11.1299595686597
8	15	S8	S15	0	0.988	0.012987012987013	1	-9.0692337052256
8	17	S8	S17	0	0.991	0.00999000999000999	1	-10.4881361547226
8	18	S8	S18	0	0.992	0.00899100899100899	1	-11.1299595686597
8	19	S8	S19	0	0.993	0.00799200799200799	1	-11.9044229475555
8	20	S8	S20	0	0.992	0.00899100899100899	1	-11.1299595686597
8	21	S8	S21	0	0.988	0.012987012987013	1	-9.0692337052256
8	22	S8	S22	0	0.992	0.00899100899100899	1	-11.1299595686597
8	23	S8	S23	0	2.904	0.032967032967033	1	-5.49724931215604
9	10	S9	S10	0	0.986	0.014985014985015	1	-8.38797608825531
9	12	S9	S12	0	1.956	0.022977022977023	1	-6.66408965344036
9	14	S9	S14	0	0.988	0.012987012987013	1	-9.0692337052256
9	15	S9	S15	0	0.994	0.00699300699300699	1	-12.8647191963136
9	17	S9	S17	0	0.985	0.015984015984016	1	-8.09944442539116
9	18	S9	S18	0	0.983	0.017982017982018	1	-7.60037537772661
9	19	S9	S19	0	0.989	0.011988011988012	1	-9.47729823410564
9	20	S9	S20	0	0.988	0.012987012987013	1	-9.0692337052256
9	21	S9	S21	0	0.987	0.013986013986014	1	-8.70902714694092
9	22	S9	S22	0	0.992	0.00899100899100899	1	-11.1299595686597
9	23	S9	S23	0	2.904	0.032967032967033	1	-5.49724931215604
10	12	S10	S12	0	1.968	0.016983016983017	1	-7.83827149312908
10	14	S10	S14	0	0.99	0.010989010989011	1	-9.94489818952411
10	15	S10	S15	0	0.99	0.010989010989011	1	-9.94489818952411
10	17	S10	S17	0	0.985	0.015984015984016	1	-8.09944442539116
10	18	S10	S18	0	0.995	0.00599400599400599	1	-14.0996808474518
10	19	S10	S19	0	0.995	0.00599400599400599	1	-14.0996808474518
10	20	S10	S20	0	0.99	0.010989010989011	1	-9.94489818952411
10	21	S10	S21	0	0.994	0.00699300699300699	1	-12.8647191963136
10	22	S10	S22	0	0.991	0.00999000999000999	1	-10.4881361547226
10	23	S10	S23	0	2.913	0.02997002997003	1	-5.78353489330435
11	13	S11	S13	297	184.643	0.987012987012987	0.045954045954046	2.08149077868421
12	14	S12	S14	0	1.956	0.022977022977023	1	-6.66408965344036
12	15	S12	S15	0	1.96	0.020979020979021	1	-6.99649912456223
12	17	S12	S17	0	1.962	0.01998001998002	1	-7.18191808421824
12	18	S12	S18	0	1.962	0.01998001998002	1	-7.18191808421824
12	19	S12	S19	0	1.954	0.023976023976024	1	-6.51427529420546
12	20	S12	S20	0	1.948	0.026973026973027	1	-6.11752212281058
12	21	S12	S21	0	1.95	0.025974025974026	1	-6.24187471838389
12	22	S12	S22	0	1.958	0.021978021978022	1	-6.82439950262502
13	24	S13	S24	455	173.958	1	0.001998001998002	3.53710136459554
14	15	S14	S15	0	0.985	0.015984015984016	1	-8.09944442539116
14	17	S14	S17	0	0.994	0.00699300699300699	1	-12.8647191963136
14	18	S14	S18	0	0.986	0.014985014985015	1	-8.38797608825531
14	19	S14	S19	0	0.985	0.015984015984016	1	-8.09944442539116
14	20	S14	S20	0	0.992	0.00899100899100899	1	-11.1299595686597
14	21	S14	S21	0	0.995	0.00599400599400599	1	-14.0996808474518
14	22	S14	S22	0	0.988	0.012987012987013	1	-9.0692337052256
14	23	S14	S23	0	2.937	0.021978021978022	1	-6.82439950262502
15	17	S15	S17	0	0.988	0.012987012987013	1	-9.0692337052256
15	18	S15	S18	0	0.997	0.003996003996004	1	-18.2208945993329
15	19	S15	S19	0	0.985	0.015984015984016	1	-8.09944442539116
15	20	S15	S20	0	0.989	0.011988011988012	1	-9.47729823410564
15	21	S15	S21	0	0.992	0.00899100899100899	1	-11.1299595686597
15	22	S15	S22	0	0.99	0.010989010989011	1	-9.94489818952411
15	23	S15	S23	0	2.883	0.03996003996004	1	-4.96149016076668
16	24	S16	S24	448	176.622	1	0.001998001998002	3.48314410883385
16	25	S16	S25	320	127.18	1	0.011988011988012	2.84713995300116
17	18	S17	S18	0	0.991	0.00999000999000999	1	-10.4881361547226
17	19	S17	S19	0	0.993	0.00799200799200799	1	-11.9044229475555
17	20	S17	S20	0	0.993	0.00799200799200799	1	-11.9044229475555
17	21	S17	S21	0	0.988	0.012987012987013	1	-9.0692337052256
17	22	S17	S22	0	0.991	0.00999000999000999	1	-10.4881361547226
17	23	S17	S23	0	2.919	0.027972027972028	1	-6.00008333275464
18	19	S18	S19	0	0.992	0.00899100899100899	1	-11.1299595686597
18	20	S18	S20	0	0.993	0.00799200799200799	1	-11.9044229475555
18	21	S18	S21	0	0.991	0.00999000999000999	1	-10.4881361547226
18	22	S18	S22	0	0.991	0.00999000999000999	1	-10.4881361547226
18	23	S18	S23	0	2.931	0.023976023976024	1	-6.51427529420546
19	20	S19	S20	0	0.989	0.011988011988012	1	-9.47729823410564
19	21	S19	S21	0	0.989	0.011988011988012	1	-9.47729823410564
19	22	S19	S22	0	0.992	0.00899100899100899	1	-11.1299595686597
19	23	S19	S23	0	2.907	0.031968031968032	1	-5.58809506465423
20	21	S20	S21	0	0.994	0.00699300699300699	1	-12.8647191963136
20	22	S20	S22	0	0.993	0.00799200799200799	1	-11.9044229475555
20	23	S20	S23	0	2.919	0.027972027972028	1	-6.00008333275464
21	22	S21	S22	0	0.989	0.011988011988012	1	-9.47729823410564
21	23	S21	S23	0	2.91	0.030969030969031	1	-5.68339687159009
22	23	S22	S23	0	2.925	0.025974025974026	1	-6.24187471838389
24	25	S24	S25	15	31.23	0.02997002997003	1	-2.84650953338344
